P11fEOB 100 2021 04 18.4  13.9121  -5.7183 22.2 Added Apr. 18.81 UT              3   0.03 26.3  0.499
P11fDKM  70 2021 04 18.5  14.0002  -0.9815 22.3 Added Apr. 18.69 UT              4   0.03 23.1  0.423
P11fDKK  89 2021 04 18.5  12.9907  +9.0952 21.9 Added Apr. 18.69 UT              3   0.03 24.2  0.420
P21fC3S 100 2021 04 18.4  14.7748 +13.3396 20.8 Added Apr. 18.54 UT              3   0.02 24.4  0.548
C5FECC2  74 2021 04 18.4  15.3079 +21.3843 21.2 Updated Apr. 18.50 UT            7   0.08 18.3  0.467
C5FDYR2 100 2021 04 18.4  13.8586 +19.2110 20.5 Updated Apr. 18.48 UT            6   0.09 24.3  0.484
C5FDXJ2 100 2021 04 18.4  13.9380 +19.8175 22.0 Updated Apr. 18.48 UT            6   0.07 23.2  0.492
C5F9QP2 100 2021 04 18.3  11.9771 +23.8518 21.3 Updated Apr. 18.38 UT            7   0.10 23.7  0.592
C5FDMT2 100 2021 04 18.4  13.8252 +24.7742 20.5 Updated Apr. 18.89 UT           10   0.52 25.1  0.084
C5FDMR2 100 2021 04 18.4  13.9872 +20.3640 21.2 Updated Apr. 18.46 UT            7   0.10 25.3  0.514
C22QE81  86 2021 04 18.3  14.2942  +9.8133 20.2 Updated Apr. 18.96 UT           19   0.59 28.9  0.040
C5FC072 100 2021 04 18.3  12.9380 +24.5707 21.9 Updated Apr. 18.43 UT            7   0.11 22.6  0.540
A10wxOu 100 2021 04 17.6  18.7706  +9.6823 18.7 Updated Apr. 18.12 UT            9   0.50 19.8  0.862
B04SK17 100 2021 04 17.3   1.1032  -6.6679 29.1 Updated Apr. 17.83 UT            3   0.00 27.2  1.614
P11fAvV  75 2021 04 17.6  15.5435 +17.2926 22.2 Updated Apr. 18.71 UT            3   0.03 14.6  1.349
P11fAmz  39 2021 04 17.5  16.3320  -9.4638 21.5 Updated Apr. 18.81 UT            9   0.95 20.5  0.477
P11fAmy 100 2021 04 17.5  16.9274  -8.9472 22.0 Updated Apr. 18.69 UT           13   1.00 21.2  0.425
P11fz6v  98 2021 04 17.5  15.0653 -18.6191 20.8 Updated Apr. 18.94 UT           12   1.04 27.0  0.438
A10wuiw  98 2021 04 17.4  12.9291 -26.7928 20.5 Updated Apr. 18.89 UT           10   1.84 28.0  0.741
ZTF0KyJ 100 2021 04 17.2   5.3827 +23.9889 18.8 Updated Apr. 18.73 UT           10   0.01 19.2  1.803
ZTF0KyD 100 2021 04 17.3  15.0234 -18.3961 20.5 Updated Apr. 18.73 UT            4   0.04 27.9  1.643
P11fwYJ  35 2021 04 17.4  12.7964 -20.8514 22.3 Updated Apr. 18.94 UT           10   1.06 19.8  0.489
P11fwYF 100 2021 04 17.4  12.5379 -20.1161 21.9 Updated Apr. 18.22 UT            7   0.77 24.3  0.776
P11fwX6 100 2021 04 17.4  13.1330 -18.4063 21.3 Updated Apr. 18.73 UT            3   0.02 26.0  1.522
P11fwX5  98 2021 04 17.4  13.1488 -20.8546 21.0 Updated Apr. 18.94 UT           11   1.03 26.6  0.519
C5ER6L2 100 2021 04 17.5  17.1998 +24.8337 22.2 Updated Apr. 18.71 UT            3   0.01 24.3  1.493
C5ER3N2 100 2021 04 17.4  16.2846 +24.6580 20.9 Updated Apr. 18.33 UT           14   0.89 23.6  0.638
P11fuQI  98 2021 04 17.3  13.1188 +10.0952 21.0 Updated Apr. 18.93 UT           11   1.23 26.2  0.419
P11fuQH 100 2021 04 17.3  13.1231 +11.5027 21.4 Updated Apr. 18.94 UT           11   1.23 25.2  0.418
C5ER2D2 100 2021 04 17.4  15.8842 +26.5460 21.6 Updated Apr. 18.32 UT            9   0.93 22.0  0.650
C5EQH12 100 2021 04 17.3  12.7502 +32.3895 21.5 Updated Apr. 18.89 UT           13   9.83 25.5  0.632
P11fu6U 100 2021 04 17.3  11.1087 +17.8221 21.2 Updated Apr. 18.57 UT            6   1.00 24.8  0.713
P11fu6S 100 2021 04 17.3  11.8010 +22.6918 21.9 Updated Apr. 18.57 UT            7   0.99 22.1  0.709
ELE0247 100 2021 04 16.8   4.0110  +1.2755 27.1 Updated Apr. 18.71 UT            4   0.01 28.5  2.111
C5EP322 100 2021 04 17.2  12.3480 +30.1879 22.4 Updated Apr. 18.33 UT           10   1.09 24.9  0.635
C5ENZM2 100 2021 04 17.2  11.7219 +24.7070 21.6 Updated Apr. 18.16 UT           10   0.95 25.5  0.807
P11ftez  66 2021 04 16.4  12.8985 -24.0778 22.0 Updated Apr. 18.23 UT            7   1.84 19.4  0.746
P11ft2c 100 2021 04 16.4  22.1701 -78.3145 19.2 Updated Apr. 18.70 UT            3   0.02 25.7  2.552
P11ft2b 100 2021 04 16.4  12.6133 -21.3300 20.2 Updated Apr. 18.69 UT            3   0.04 25.1  2.560
P11fpZm  89 2021 04 16.4  13.1973  +5.4864 21.7 Updated Apr. 18.72 UT            3   0.04 26.0  2.501
P11fpYY  97 2021 04 16.4  13.4404  +5.2231 21.5 Updated Apr. 18.72 UT            3   0.03 26.7  2.511
P11fpXB  98 2021 04 16.4  13.8952  -1.0009 21.7 Updated Apr. 18.94 UT            9   2.11 27.6  0.422
P11fp71  99 2021 04 16.3  12.0140 -16.4848 22.7 Updated Apr. 17.81 UT            4   0.03 22.3  2.605
P11fo2x 100 2021 04 16.3  11.1932 +33.1099 22.3 Updated Apr. 17.72 UT            7   0.96 24.6  1.717
P11fo2w 100 2021 04 16.3  11.3129 +31.1890 22.5 Updated Apr. 18.71 UT            3   0.03 18.3  2.656
ELE0240 100 2021 04 15.8  12.0642  -0.6611 20.2 Updated Apr. 18.71 UT            5   1.05 24.9  2.155
P11fmQd 100 2021 04 15.5  14.5634  -4.1128 22.7 Updated Apr. 18.70 UT            6   0.85 21.6  2.638
P11fmCi  98 2021 04 15.3  11.5424 +11.8586 22.7 Updated Apr. 18.13 UT            6   2.84 19.1  0.870
P11fmCh  96 2021 04 15.2  11.0038 +10.8006 22.7 Updated Apr. 18.70 UT            7   4.02 20.4  3.676
P11fjrW 100 2021 04 15.4  12.5596 -10.3015 21.3 Updated Apr. 18.68 UT            3   0.02 25.7  3.547
C5EH7Q2  41 2021 04 15.4  16.7991 +27.6484 20.9 Updated Apr. 18.34 UT           19   2.92 18.1  0.625
C5EH7M2 100 2021 04 15.4  19.8082 +34.0806 22.5 Updated Apr. 18.68 UT            5   0.04 32.5  3.525
P11fc0g  68 2021 04 14.4  13.8922  -7.5531 22.4 Updated Apr. 18.71 UT            4   0.03 26.1  4.478
P11fc0e  94 2021 04 14.5  14.6126  +3.4000 22.5 Updated Apr. 18.70 UT            4   0.03 16.5  4.419
P11fc0d  80 2021 04 14.5  13.9200  +2.8516 22.8 Updated Apr. 18.70 UT            3   0.02 17.6  4.423
P11fc0b  77 2021 04 14.5  14.0668  +6.3496 22.4 Updated Apr. 18.70 UT            4   0.03 16.4  4.421
P11fc0a  73 2021 04 14.5  14.4828  +7.7304 22.2 Updated Apr. 18.70 UT            4   0.03 17.4  4.420
P11fbXR 100 2021 04 14.5  14.7216  +3.0317 21.0 Updated Apr. 18.70 UT            3   0.02 19.6  4.416
P11f7ua  98 2021 04 14.4  23.3251 +17.7692 26.2 Updated Apr. 18.69 UT            5   0.14 29.1  4.554
C5EH042 100 2021 04 14.4   3.2473 -39.4202 26.2 Updated Apr. 18.68 UT            6   0.06 28.0  4.492
SM21A10  93 2021 04 13.0  13.1699 -21.8392 19.6 Updated Apr. 18.70 UT            3   0.01 16.8  5.981
C06DLU5 100 2021 04 13.4  15.5272 +36.5272 22.9 Updated Apr. 18.68 UT            7   0.05 22.9  5.466
C06DKX5 100 2021 04 13.3  10.4715 +40.4833 23.1 Updated Apr. 18.68 UT            8   0.05 23.1  5.628
P11eXwW  99 2021 04 11.3  13.0167 +16.2009 22.7 Updated Apr. 18.70 UT            3   0.02 22.1  7.614
TMG0044 100 2021 04 11.6  13.8079 -20.4739 23.6 Updated Apr. 18.70 UT            6   0.05 29.6  7.282
C5EEGT2  35 2021 04 11.3  13.8739 +56.9350 21.7 Updated Apr. 18.22 UT           30   6.89 15.7  0.744
A10wotD  99 2021 04 11.2   6.4202 -21.1969 19.3 Updated Apr. 18.69 UT           18   5.76  8.8  1.948
ELE0210 100 2021 04 10.7  12.1492 -21.7212 20.9 Updated Apr. 18.68 UT            3   0.03 22.1  8.273
P11eUqe  99 2021 04 10.5  14.5202 -11.9455 22.1 Updated Apr. 18.73 UT            4   0.03 22.0  8.437
P21eSQR 100 2021 04 10.5  17.5874  -4.4499 20.2 Updated Apr. 18.72 UT            3   0.02 14.0  8.392
P11eSPF  98 2021 04 10.4  13.0110  -6.1198 24.2 Updated Apr. 18.69 UT            3   0.04 27.4  8.498
P11eIvC  35 2021 04 09.4  12.8786 -14.1873 21.7 Updated Apr. 18.94 UT           33  29.01 16.2  1.486
X72729   72 2021 04 08.7  14.1992  +1.4946 21.0 Updated Apr. 18.70 UT            3   0.03 17.1 10.193
C5DDQL2  35 2021 04 08.2  10.9885  +9.3747 21.8 Updated Apr. 18.68 UT           54 116.83 14.2  1.514
P11ey3Y  72 2021 04 07.4  12.6879  +0.0034 26.4 Updated Apr. 18.70 UT            5   0.94 28.4 10.604
P11ey14  84 2021 04 07.5  14.3560  -1.3806 22.1 Updated Apr. 18.68 UT            3   0.03 23.3 11.454
P11ekJ2 100 2021 04 06.4  11.5121 +20.8578 21.2 Updated Apr. 18.70 UT            4   0.04 19.0 12.501
X72527  100 2021 04 04.7  13.9423 -13.3455 20.4 Updated Apr. 18.68 UT            3   0.03 21.5 14.216
X72478   90 2021 04 04.5  11.4733 +11.6406 21.0 Updated Apr. 18.67 UT            3   0.03 18.7 14.390
A10wbdY 100 2021 04 03.4  14.2588 -21.4175 24.1 Updated Apr. 18.70 UT            5   0.05 31.5 15.529
P11ebKr  35 2021 04 01.3   9.2313  +4.4073 22.4 Updated Apr. 18.68 UT           35  60.91 14.6  7.754
P11e2jE  35 2021 03 19.4  13.4924 +18.3387 21.4 Updated Apr. 18.69 UT           80  30.15 14.7  0.418
GIT0002 100 2021 03 15.7  11.2112 +20.8874 23.8 Updated Apr. 18.70 UT            4   2.13 23.1 32.083
ZTF0Kij  35 2021 03 09.5  21.0102 +33.5041 19.6 Updated Apr. 18.69 UT           57  38.57 11.8  1.858
C4ZL362  35 2021 03 07.4   9.8397 +21.1234 22.7 Updated Apr. 18.69 UT           66  26.56 17.9 16.012
SM21A03 100 2021 03 01.0  10.7312  +9.7513 21.5 Updated Apr. 18.68 UT            6   1.85 20.1 47.093
P11dhNk  71 2021 02 12.5   8.3242 +51.0274 23.8 Updated Apr. 18.69 UT            6   4.04 16.0 61.466
C048485  82 2021 02 11.2   6.4451 +34.0014 23.9 Updated Apr. 18.72 UT            9   1.09 16.5 65.642
